{
  "height": 18,
  "width": 100,
  "x": 24.600000381469727,
  "y": 352.3000183105469
}